0.003508 1
0.006512 2
0.009588 3
0.012842 4
0.020285 5
0.022379 6
0.025709 7
0.027834 8
0.030011 9
0.226033 10
0.400419 11
0.563774 12
0.785447 13
1.00967 14
1.35062 15
1.70305 16
2.18471 17
2.55377 18
2.80892 19
3.12885 20
3.42366 21
3.69326 22
3.93683 23
4.14837 24
4.33025 25
4.47664 26
4.61577 27
4.71792 28
5.20247 29
5.44003 30
5.55643 31
6.11841 32
6.24547 33
6.7741 34
7.15625 35
7.33919 36
7.81003 37
8.0102 38
8.50597 39
8.66589 40
9.56473 41
9.97641 42
10.1465 43
10.2625 44
10.7113 45
10.8951 46
11.59 47
12.0044 48
12.1376 49
12.2085 50
13.1416 51
13.5935 52
13.7373 53
13.8117 54
14.6983 55
15.1 56
15.1791 57
15.8798 58
16.0582 59
16.2817 60
16.4344 61
17.2844 62
17.6012 63
17.6825 64
18.2532 65
18.3391 66
18.3392 67
19.0221 68
19.0222 69
20.5104 70
20.7816 71
20.7818 72
22.0416 73
22.0417 74
22.5577 75
22.5579 76
22.7661 77
22.7662 78
23.2999 79
23.3 80
23.4085 81
23.4086 82
24.7255 83
24.8406 84
24.8407 85
25.8861 86
26.1315 87
26.1316 88
26.5374 89
26.5375 90
27.8141 91
28.1804 92
28.1805 93
29.1039 94
29.2355 95
30.038 96
30.9211 97
30.9213 98
32.2537 99
32.2539 100
32.254 101
32.8026 102
33.6403 103
34.1994 104
34.1995 105
34.9149 106
35.0675 107
35.9809 108
37.4489 109
37.449 110
38.0831 111
39.7359 112
40.0633 113
40.7213 114
40.7215 115
41.0782 116
41.0783 117
42.4847 118
42.4849 119
43.6669 120
43.667 121
