0.51 1
0.53 2
0.54 3
0.55 4
0.56 5
0.58 6
0.59 7
0.59 8
0.6 9
0.61 10
0.61 11
0.61 12
0.62 13
0.63 14
0.63 15
0.64 16
0.64 17
0.66 18
0.66 19
0.67 20
0.67 21
0.68 22
0.68 23
0.69 24
0.7 25
0.7 26
0.71 27
0.72 28
0.73 29
0.73 30
0.74 31
0.74 32
0.76 33
0.76 34
0.77 35
0.77 36
0.78 37
0.78 38
0.79 39
0.79 40
0.8 41
0.81 42
0.82 43
0.82 44
0.83 45
0.83 46
0.84 47
0.84 48
0.86 49
0.86 50
0.87 51
0.88 52
0.88 53
0.89 54
0.9 55
0.91 56
0.91 57
0.91 58
0.93 59
0.93 60
0.94 61
0.94 62
0.95 63
0.96 64
0.97 65
0.97 66
0.97 67
0.98 68
0.99 69
1 70
1 71
1.01 72
1.02 73
1.02 74
1.04 75
1.04 76
1.05 77
1.06 78
1.06 79
1.07 80
1.07 81
1.08 82
1.08 83
1.09 84
1.09 85
1.1 86
1.11 87
1.11 88
1.12 89
1.13 90
1.14 91
1.14 92
1.15 93
1.16 94
1.17 95
1.17 96
1.18 97
1.19 98
1.2 99
1.21 100
1.21 101
1.22 102
1.23 103
1.25 104
1.25 105
1.26 106
1.27 107
1.28 108
1.29 109
1.29 110
1.3 111
1.3 112
1.32 113
1.33 114
1.34 115
1.34 116
1.36 117
1.36 118
1.37 119
1.38 120
1.39 121
1.4 122
1.41 123
1.42 124
1.43 125
1.44 126
1.44 127
1.45 128
1.46 129
1.47 130
1.48 131
1.48 132
1.49 133
1.49 134
1.51 135
1.52 136
1.53 137
1.53 138
1.53 139
1.55 140
1.55 141
1.55 142
1.56 143
1.57 144
1.58 145
1.58 146
1.59 147
1.59 148
1.6 149
1.61 150
1.61 151
1.62 152
1.63 153
1.63 154
1.65 155
1.65 156
1.66 157
1.68 158
1.68 159
1.68 160
1.7 161
1.71 162
1.72 163
1.72 164
1.74 165
1.74 166
1.75 167
1.75 168
1.76 169
1.76 170
1.78 171
1.78 172
1.79 173
1.81 174
1.81 175
1.82 176
1.82 177
1.83 178
1.83 179
1.84 180
1.85 181
1.85 182
1.86 183
1.87 184
1.87 185
1.87 186
1.88 187
1.89 188
1.89 189
1.89 190
1.9 191
1.9 192
1.92 193
1.92 194
1.92 195
1.93 196
1.93 197
1.93 198
1.94 199
1.96 200
1.96 201
1.96 202
1.97 203
1.97 204
1.97 205
1.98 206
1.99 207
1.99 208
2 209
2 210
2.01 211
2.01 212
2.02 213
2.03 214
2.03 215
2.04 216
2.04 217
2.04 218
2.05 219
2.05 220
2.06 221
2.07 222
2.07 223
2.08 224
2.08 225
2.09 226
2.09 227
2.09 228
2.1 229
2.11 230
2.11 231
2.12 232
2.12 233
2.13 234
2.14 235
2.14 236
2.15 237
2.15 238
2.15 239
2.16 240
2.17 241
2.17 242
2.18 243
2.18 244
2.18 245
2.2 246
2.2 247
2.2 248
2.2 249
2.21 250
2.21 251
2.23 252
2.23 253
2.23 254
2.23 255
2.24 256
2.24 257
2.25 258
2.26 259
2.26 260
2.26 261
2.27 262
2.28 263
2.29 264
2.3 265
2.3 266
2.3 267
2.32 268
2.32 269
2.32 270
2.32 271
2.34 272
2.34 273
2.34 274
2.35 275
2.35 276
2.35 277
2.37 278
2.38 279
2.38 280
2.39 281
2.39 282
2.39 283
2.4 284
2.4 285
2.42 286
2.42 287
2.42 288
2.43 289
2.43 290
2.43 291
2.44 292
2.45 293
2.45 294
2.45 295
2.46 296
